133
1996 12
30382 63868 73587 26562 15683 24317 69113 33775 67027 34632 40074 83088 
9566 10
52477 57624 65721 48216 76358 44518 60741 85657 3302 41865 
9926 19
60582 88696 93284 90990 60362 71798 78372 83446 47992 61502 56215 85636 31119 84581 64989 28125 81947 96756 51440 
9629 17
76914 33547 63036 87028 69054 51633 13258 29531 18160 50041 56195 88717 60819 1721 30591 37812 8705 
69 13
61389 68154 51531 84681 86023 24952 65739 92147 5808 11810 61912 52387 35067 
54 16
67037 84312 25896 13920 66803 72890 42403 52778 1443 50638 97254 81349 16396 49211 24468 30585 
7407 17
71967 84012 19051 99915 65910 88573 17054 56070 58136 75113 18397 5091 72956 90246 64217 46170 41471 
6218 16
28704 99660 71790 9772 18018 21458 11167 26004 97296 70536 66609 93996 36207 78879 52549 90010 
5427 14
25335 48764 78939 92912 33340 16191 60495 95337 75811 28677 37203 70834 13678 96387 
5555 16
43114 41617 26780 15588 5128 48511 40617 72557 77368 44824 52666 43089 53231 21604 3773 88406 
6857 15
15612 86137 18415 61611 70698 716 20089 62817 68854 63757 86539 59017 98015 87451 9302 
1551 19
57630 56068 37223 9404 57225 8504 4790 2684 97317 68416 88606 44066 60973 97265 34746 12481 51535 41567 21609 
75 12
72551 43652 28823 22522 43815 92243 80304 45665 65236 19632 28878 90752 
6851 20
7601 88250 6744 10565 53761 4614 88064 75447 29042 34749 67363 13616 20274 58695 75112 19728 13606 80767 89482 10621 
643 18
80377 73064 23442 87427 71602 81916 65144 55374 62582 28243 99460 16021 4375 39678 84711 1126 8537 36961 
9689 14
52717 16618 25065 24717 82941 57232 92443 20901 99959 26460 41822 99017 52173 99039 
3408 10
37749 60133 75755 52769 90131 1900 3429 72808 31704 56881 
240 20
55689 37891 72409 49892 21367 95355 1622 88217 76863 73126 54767 43496 69382 14528 76683 90766 28567 15674 69742 63303 
2786 14
37310 15562 29626 88803 99560 10714 7537 53376 38790 72419 55427 25368 27246 34993 
3840 15
96164 16237 5334 57288 77180 16075 82945 78316 22963 81718 85873 35383 99721 87178 21985 
2730 20
18560 63811 35101 60416 66784 71854 70104 76645 91768 12548 54344 67025 18595 27652 40990 13444 93833 17174 48575 8906 
4609 10
45675 27165 18618 64112 14716 88403 23197 31435 4505 98779 
7586 17
84757 80378 13396 79659 49041 72084 8613 27731 73573 79780 65559 34950 95048 46510 27049 18042 9314 
1318 20
30334 99962 14868 53550 80494 57100 10334 95654 15196 98679 61901 55870 81761 31460 29097 44748 97398 33648 49411 82763 
1113 13
51111 68200 5952 52266 71738 92130 56563 29243 70689 87168 78953 47297 36323 
8738 17
34438 20614 68221 1081 46844 42857 89237 2052 92795 33701 88550 485 69069 47390 10840 36519 41936 
689 17
32873 68624 1684 96861 16153 94276 23254 49548 18401 41102 83589 25651 44581 39002 16470 83528 35758 
7199 14
24487 45151 27031 63115 60924 74428 61915 68792 12935 62380 76608 38452 51920 14 
9126 11
87725 93125 95054 7305 5255 50558 8598 92754 5381 64529 69043 
7647 10
85014 68095 29782 85007 64308 23892 30432 48307 42261 23555 
7370 17
8449 1927 62651 51133 4885 35996 55520 90693 42726 82378 40079 90353 7630 30860 71647 68464 7984 
6273 13
857 43226 75959 12488 97091 76040 62490 95368 12008 64713 60312 5951 12290 
998 19
87016 84235 528 88412 5972 10341 71692 13501 94734 62563 73761 57320 47320 48139 75094 84043 89149 62403 47095 
2347 20
34633 76329 154 56651 73655 12833 97212 15830 81311 68990 34009 27492 18376 90660 5867 36611 58160 25196 52967 5826 
8972 18
22086 75702 14273 71802 41535 5849 30077 17654 51830 16737 20421 62478 53092 85864 73211 45606 10030 77649 
385 19
27961 64935 85030 75198 20230 89658 79563 46061 71824 10430 19789 10835 62077 29176 2855 9421 43379 78224 35746 
8976 20
99108 935 11277 65931 89239 74851 53060 12849 78872 73120 10516 7834 3108 64180 33228 82073 43847 99779 51487 6077 
322 14
37233 86071 41345 22915 26229 52127 65870 72500 6746 11553 24630 98762 96607 47789 
2276 15
16594 88880 49600 40974 53887 39529 60061 28198 83080 75298 80809 50057 59168 43859 22235 
4343 10
98181 6854 2801 51840 27144 14267 30423 98499 63682 7638 
3650 12
19999 19126 43650 9220 35380 59147 61795 53189 54281 84273 13681 84962 
9959 14
4214 58183 7285 44815 52749 26480 38560 9752 77174 14715 96191 6915 20609 98864 
8428 16
78117 13466 31962 36602 98176 92951 24258 99270 90875 39847 71008 93641 11796 92701 47424 33681 
4208 15
47545 53383 65336 53764 85074 3478 80713 72542 11273 77200 79637 10595 87539 67397 67349 
8973 20
76599 52515 8089 94822 80592 18526 32010 72550 35726 20203 75414 54002 42555 6258 65888 82094 3804 16911 43139 103 
9806 20
3034 7833 27565 5897 66069 66792 23799 91531 48636 63040 51194 25166 32539 75753 17347 90405 26491 45685 5999 49240 
3158 12
36749 31781 32626 16439 63923 77539 37816 35969 62763 65580 74000 45045 
7392 11
14046 31634 57124 99762 94898 61742 41434 12413 29265 6165 53723 
7343 14
90525 31099 30079 40618 23372 74988 41362 54622 40902 60078 80542 50309 46001 57678 
3218 14
97500 37840 95143 59691 5162 1010 52401 23072 46846 86848 23405 55521 84101 65795 
1267 20
96082 17825 66432 40834 13994 5885 53688 9506 34469 39525 592 30878 9453 62486 90776 67886 91226 82685 18473 2829 
1927 15
40567 86437 73243 91736 23592 23729 3347 37925 57500 25473 77772 33481 45031 32340 27236 
4300 16
67648 39613 31061 16592 31821 24425 14456 3956 46790 40386 64394 76046 54399 11033 70905 36569 
5006 20
54408 54828 50106 68314 43268 21514 30427 91079 53649 6050 25614 12938 18289 57867 64415 76702 46101 95257 35815 39830 
5023 18
71227 57179 42712 32205 66078 8667 54788 85676 13803 72850 31201 82184 73933 50887 5825 90649 87136 44869 
2187 15
58501 50471 71719 90785 64298 81748 99474 74771 37181 58897 33483 24285 29389 36303 94012 
8524 17
49198 72968 17897 74016 20895 35140 21150 57504 43774 88200 63307 11323 1256 47402 71904 14017 55501 
5094 18
31735 82605 42126 66827 59218 68166 73576 49277 45437 35863 35148 67580 88548 80524 4146 24566 34413 64846 
858 10
48049 78640 23842 16748 54890 22934 26965 83065 56199 64479 
9259 20
74440 88182 59748 27699 61950 99710 10014 41786 91925 26841 45917 49273 8067 27425 27456 87543 52538 56767 5466 75674 
6477 12
54594 93840 34387 3333 73936 7617 30083 72353 93482 30467 10324 55151 
6694 13
29563 78535 51500 93434 34659 95283 87237 8661 71961 27826 47023 6928 81013 
7466 13
16046 20898 13826 71446 58751 92083 13300 24447 85827 87747 38969 39625 55929 
1526 18
49380 55383 50207 60687 46236 32302 6366 17543 22533 76068 90084 52941 32737 69806 69094 97275 75968 9957 
9600 18
84139 64856 87758 69973 48526 67015 29343 92817 19053 99091 53341 35134 78409 77425 84785 36851 83775 56260 
5840 11
12494 39061 70067 7708 27613 9233 8068 18131 15468 62095 7579 
9190 20
96357 1958 45448 64270 18878 19799 36270 50787 26855 69650 73766 50452 36196 52626 81730 85464 6343 82163 37077 30253 
9521 10
95985 55020 18293 35008 13325 88757 93273 29728 35497 94174 
3682 16
60921 13780 4716 26532 98236 4708 60112 90721 16664 42226 35033 72719 10616 39526 62604 31207 
1181 11
5320 29214 27377 28042 4193 28899 83554 92124 12567 78261 74718 
4741 14
60103 88558 56904 7262 14982 46894 79541 30807 40058 11211 68621 77687 79975 29095 
4819 11
31965 81331 90984 557 60756 75208 60731 99325 84548 26213 63796 
1870 17
36793 17983 60250 32814 93475 7120 92192 81883 92179 97204 46532 47604 9367 74884 772 65523 92730 
9781 12
72280 12902 80745 41292 81815 78276 66930 28096 48639 34317 47602 23325 
2831 18
93596 15419 93973 22273 38304 98578 47150 45097 28660 27785 44596 19327 95479 34178 87748 23139 3628 82123 
8180 13
95481 61325 28946 41992 78188 54818 52039 9612 2533 75155 65147 50585 98201 
6767 16
60472 6143 27318 1299 46386 85726 38202 40514 48198 96093 52410 82419 8860 26393 42432 44190 
5390 20
1629 26973 91957 41659 46059 96555 76674 98409 37734 9937 80485 5053 65140 61675 83944 32506 75021 41223 6763 41258 
9086 17
67525 4132 71945 15158 16136 69144 57292 91913 77493 70550 47245 130 4626 68413 82063 60589 52586 
4820 12
16363 44794 51353 47110 76438 23528 34392 41889 7553 98860 33462 59744 
4844 13
14200 15524 24410 53528 57653 72477 30271 33064 68542 92499 95477 84617 62163 
2366 15
77114 65455 49331 1973 51078 60684 39807 1659 49368 15075 93864 78503 31925 6938 90125 
4658 13
46938 2774 7438 89209 87964 9414 12533 71242 96044 2620 23080 39637 19343 
9614 10
10899 83437 81235 74250 64146 7825 29772 97583 35009 5167 
9437 17
63959 29046 54626 79888 7993 26585 57399 15267 84345 22126 42750 9563 18572 78864 61983 44727 9879 
1134 19
97847 75431 25465 54712 98064 23881 74091 20869 56435 73491 4977 64372 30164 23150 92712 99114 86112 98053 58042 
8882 17
25142 32131 24495 39812 77284 73374 60310 50808 68935 73688 71145 92822 83117 60010 38180 95789 64412 
6008 19
29920 45867 5250 34661 11410 84551 87851 79165 43410 24401 60417 96729 54791 36282 49132 29348 34879 80558 14507 
400 12
40822 45706 61144 31075 78204 73180 14683 35436 57054 50989 87873 10808 
3470 15
20558 98740 83206 73037 46955 33836 78132 77800 56067 88324 41087 72116 20222 44068 23632 
4037 14
98773 10238 57868 36940 47427 81436 84441 54646 25943 37484 15345 90516 79528 56820 
8849 13
62967 99175 19806 97528 66520 36545 88498 5223 73029 78663 42341 43003 74292 
713 16
76825 61069 40408 3566 91155 28713 45387 49475 28565 82198 32643 96448 89016 8217 52742 74248 
3163 19
41984 60958 20642 24492 38375 39621 8824 26781 61612 96248 37797 94062 44178 2141 85243 18068 41173 62759 71380 
5442 19
46339 77040 39546 11185 8369 4414 5966 65527 50758 90500 24380 84803 19549 82770 38414 76131 31644 88037 1754 
4386 20
55589 76411 81146 63486 27770 25605 55159 51559 8144 74910 53983 20278 58984 1441 41768 41057 51286 70149 2757 50686 
5908 13
78996 98233 75011 93760 68318 97690 76401 55604 70351 85511 41873 11257 36780 
4216 12
90448 99160 8104 97682 68366 74336 48586 86874 52650 74349 45588 63470 
4543 13
11018 71611 8281 13627 74817 49878 2411 491 35916 73702 61900 52797 85921 
1123 11
84388 15386 81414 60904 13407 25432 58159 92945 62034 39015 32793 
1401 20
21662 36831 18325 32087 99567 40839 88283 25313 59882 89744 35776 650 63603 33765 10209 4430 85309 63672 77727 41249 
2177 18
31104 65697 64068 55049 30923 48816 11461 8328 8483 72534 85483 25795 66445 87213 68404 74391 25679 39013 
9657 15
15316 91483 21908 53488 95708 50592 56772 96823 42476 19761 59324 83238 59737 49748 79366 
3328 13
66257 60333 26713 68887 70920 47850 26667 12262 67785 57902 80203 16127 7347 
9692 17
991 12574 90107 94674 59362 89000 4046 53196 17138 49181 6893 38246 70740 10196 45235 44492 95232 
5823 13
88220 13532 49895 79718 66275 24400 55451 38145 9684 56423 86849 73523 62045 
2999 16
30010 37557 65911 36727 61148 11324 55843 58715 93224 28479 47046 44434 19735 83334 13755 50107 
2791 13
45527 3902 94423 9113 59542 90458 35754 237 74206 79406 17202 19717 17394 
9134 19
89613 57053 64323 39648 67811 42836 61407 67797 67551 44669 46377 99977 52253 36801 82551 78146 13392 86535 968 
339 18
55575 72357 17915 46187 37593 86688 13498 52082 34201 19998 36061 42160 43697 69372 88088 79228 27942 77635 
6861 12
28369 56229 85558 70774 36074 44013 56164 77632 65175 36319 41036 80548 
67 20
97380 10379 80138 17819 38474 53171 78606 23088 96609 19160 43532 29957 3776 56251 8420 70823 43389 97315 66461 13875 
6624 12
86738 16173 71019 65680 38905 80062 64750 45683 61135 10286 78491 75489 
8471 17
94993 69879 35984 16276 82112 8621 88411 56064 34159 84197 59116 96319 85198 55075 33641 95942 94936 
3884 10
48650 12359 67465 48563 79821 16854 29028 63567 13120 35026 
502 15
61131 63241 9270 72213 51243 1875 35952 652 5640 23199 89758 32577 85597 36532 35353 
2036 20
40670 27844 83062 92696 45700 24556 51581 16038 63312 34011 93088 21988 83164 81755 94494 84093 4076 81429 13604 98617 
396 15
40102 69934 89700 51247 3402 72713 75550 77475 59885 80406 55748 99307 77916 70800 29858 
5907 14
44730 8334 73383 99556 33387 94829 67432 86553 4250 8164 23860 57638 42866 14760 
4895 14
93867 10040 78650 21696 26707 35229 98876 44937 32581 88698 72747 41089 14277 92307 
8423 15
5489 13393 14338 47830 22740 41306 29615 97865 99761 15879 11968 38085 90888 22744 83657 
8924 19
12031 37607 75238 70709 11531 35164 63884 4045 74346 94983 39946 96539 82408 19112 35280 43711 36417 18916 3317 
4077 14
24347 759 36514 80141 36959 38701 50568 92882 49514 57190 82847 30650 10864 31984 
9306 12
32342 34662 19547 22396 22966 80450 95861 90894 47157 98970 69169 44708 
1969 20
92789 69385 11470 69470 29883 36256 22896 36173 84262 68251 88099 14936 37280 62422 46941 16318 77812 51253 36425 37785 
6601 14
17231 51301 23397 72784 73875 33026 10989 96661 70705 54476 79351 49250 1255 22199 
3548 10
40089 7620 43615 85798 98495 18494 15037 69461 72581 62046 
6598 18
32414 24299 39829 48369 26647 54550 2997 46416 71378 72832 36736 48821 93202 37131 662 93894 27971 43454 
7325 15
35441 50295 51877 50765 15623 51100 64475 86616 30357 50907 78626 10541 45772 83174 46360 
7775 14
49803 10611 17638 12252 65314 84415 64631 92500 92727 92260 95467 90698 16062 75428 
907 9
36274 22820 38694 74734 47831 65891 45218 94303 65743 
6454 16
19465 24753 99805 77971 49015 50167 81431 86992 51715 93741 64236 13792 25366 51885 85207 24773 
7718 16
56013 62902 45232 68845 27298 95154 43357 78201 87371 40897 35277 81664 60359 60428 38221 62446 
